8.099375836535485096e-01
5.905626321216117525e-01
7.922320094768980914e-01
4.014095975605711519e-01
5.837483356317317851e-01
8.158199667134430344e-01
2.017888183202963537e-01
3.513659364345355640e-01
5.626757076856390150e-01
7.752052687536339359e-01
7.837652826178496956e-02
1.948861371643912377e-01
4.043208318932637324e-01
5.872196594625446187e-01
8.095713366396624089e-01
3.218699852850115395e-02
1.300872073446627530e-01
2.880006179955403312e-01
4.503155030126924641e-01
6.256291398219526734e-01
8.266957249310644684e-01
3.462532187178603282e-02
4.504830224255496063e-02
1.514828229341177723e-01
2.748201484897233038e-01
4.026588668462789955e-01
5.688031013890854082e-01
7.737520416606014084e-01
5.158832512629826089e-02
5.972118296709589408e-02
5.361760560197922215e-02
1.221317268632687025e-01
2.312625311763229496e-01
3.560426458926485571e-01
5.428453182064668647e-01
7.687724079310631620e-01
8.580270775437742747e-02
8.669588441291344039e-02
6.976727951359143476e-02
4.615124211640351387e-02
9.343170446707513288e-02
1.903493081804754350e-01
3.202648928057758027e-01
5.218855962926498560e-01
7.750217389724098904e-01
1.114107824085358162e-01
1.005508956656468167e-01
8.800763718345307185e-02
5.464577391758686925e-02
1.829766053302674805e-02
1.046085805183577244e-01
1.992174109482399702e-01
3.445742570461141630e-01
5.403860792409257430e-01
7.941436657732039439e-01
