3.742132504939815751e-01
3.688105186472459551e-01
4.641541234478630679e-02
1.453833502421706114e-01
4.219058756492470863e-01
-2.750381574185860600e-01
6.677604567032259242e-01
5.371894659053290111e-01
2.794042826416324177e-01
2.586180923513873298e-01
3.689562577069614990e-01
3.208609500632220723e-01
2.039163602933112829e-01
-4.919421927206182876e-02
7.109979816097936611e-01
-7.976390790506993067e-02
-1.062847040903058260e-01
2.520066762051499376e-01
-2.476211269753697194e-02
2.174622963948276699e-01
1.560969366010707404e-01
-2.232245892954978772e-02
3.380811535382022195e-03
3.921567491560401519e-02
3.360368695865894595e-01
9.826044756449653361e-02
-5.342376188373399587e-02
4.979679538607445499e-01
2.784630240946573410e-01
2.003957356994034988e-01
1.522881847059293914e-01
-2.526222562694271576e-02
5.980209157865982172e-01
7.424068505641956417e-01
6.567470111213220829e-02
1.306950640801582131e-01
-3.594328977457548202e-01
-3.717138639059471839e-01
2.320237569947075987e-02
-4.595246629395688398e-01
-2.362861894045180933e-01
7.322127130493351344e-02
1.107068942377275184e-01
-3.890222591813781161e-01
-2.482058967863852092e-02
-5.141218161116306584e-01
-2.355049707783029578e-01
6.059173877695839955e-02
-1.845233183362114948e-01
-3.848227859362166603e-01
-2.895249776691433130e-01
1.778722876241201900e-01
1.847572055539753177e-01
-3.210159398512364426e-01
3.224993874390784665e-01
-3.823741151192213694e-01
-1.320730934181206795e-01
2.672242278735673104e-01
-9.443268822705452870e-02
-2.994155116624360735e-01
-3.267538941307971401e-01
2.343576333419616561e-02
-3.349271683445792513e-02
-3.815633724667392146e-01
2.391475753706915897e-01
4.406397675986372109e-01
-4.542602995725467108e-01
-3.123175750190939071e-01
2.691362078170198013e-02
5.142374128721229759e-02
-3.654899995167551485e-01
-4.882374988172014096e-01
1.067699132347907365e-01
-4.715127732250681131e-02
-5.903991616857523494e-01
6.950032587216879720e-02
3.907606084825825388e-01
4.939677788270879777e-01
-3.447303893319855206e-01
-2.267097005420304345e-01
-2.111225197588047775e-01
2.525346429812189153e-01
-2.368189254814048461e-01
-4.945148726047343679e-01
2.455714537600806324e-01
2.042294054177435925e-01
-2.527956204277775898e-01
-1.321815543833022299e-01
2.670594666519895410e-01
-2.115579511550720257e-02
5.460308055312503850e-01
3.618991727325601704e-02
-1.042361559469723725e-01
-4.054013081431009913e-01
2.803896802947505179e-02
-7.395788733723891728e-02
-1.495193330800986542e-01
-8.531517585184213159e-02
3.115039547573539847e-01
-3.668421808282035235e-02
-4.239351181241927113e-01
-7.339326189119498023e-02
-2.833018840134794991e-01
-1.047436185062536468e-01
2.351161964852835629e-01
3.702792632267123962e-01
4.810792369605067509e-01
4.849966264098501956e-01
3.207604836542862770e-01
3.580438320982776146e-01
2.327657281966673819e-01
2.783815062953930997e-01
2.206438670266150093e-01
2.585060785034168362e-02
-4.782161553446768187e-01
-1.213347473696739925e-01
4.913540182956598751e-02
3.336986423512438432e-02
-1.441535100086770160e-01
-3.080553238273799899e-01
-4.126042201355636929e-02
-1.499956821256627215e-01
2.899918247367437862e-01
-3.277667395994453975e-02
-2.277530753920921358e-01
-1.934162279267339080e-01
-1.756183290103305872e-01
-1.004013988612878633e-01
-3.730019335620218812e-01
-3.245763299564695670e-01
2.737703824889915760e-02
3.468250145719374844e-01
4.129329758604919909e-01
8.375673968763980293e-02
1.990985886078809608e-01
2.287559942071837327e-01
-3.210432201254426743e-01
-1.512483063086269945e-02
-9.133013231614879601e-02
3.604541715193194107e-01
-3.340406293862817622e-01
-6.872915603833097409e-01
-1.139634390298490535e-01
1.168534562055746351e-01
-5.022968355306058896e-01
-4.044820324501591791e-01
2.213622005152455774e-01
3.670925478869464520e-01
5.782763673523448889e-01
6.012749193308447593e-01
7.594543194925797158e-02
1.790108972356075911e-01
4.004481336438825978e-01
4.081173749155008745e-01
-1.156162987744575182e-01
1.547292777930119045e-01
2.272444071586618153e-01
1.063611046077376776e-01
-2.901614982397910936e-01
-7.601409059905632482e-02
1.562730970404002662e-01
-3.092830421807827856e-01
-3.183224770918693380e-01
-2.250385175307671182e-01
1.153312889422293680e-01
3.152561614854480602e-03
2.530526519913065247e-03
3.432998498019477207e-01
4.960780287462270705e-02
4.627591584977729378e-01
2.960905930262918151e-01
-1.637585379197096791e-01
1.379486619665115099e-01
-2.109289531050883570e-01
-2.378224995264609232e-01
-2.984677291844955449e-01
-2.035833890996296136e-01
-4.883058066800842201e-01
-1.131782292772944010e-01
-1.730195090591728040e-03
-2.148888859099555293e-01
-1.899231289696139482e-02
6.547971279648411719e-03
-7.196581683294550613e-02
-3.700310076558094990e-02
6.162250234468778787e-02
-1.031073504184625428e-01
-8.407705485001550072e-02
1.725859089157447401e-01
-3.445329099741673007e-01
1.780676335040945191e-01
1.945673861198075338e-01
-1.160997819252580776e-01
-1.045432640960106963e-01
3.393886244964687826e-01
9.473075492538413078e-02
-1.645020734749326752e-01
-1.325718620259388469e-01
2.911957873735794844e-01
-8.427329319659758455e-02
1.209653233797025607e-02
-4.044938813297021540e-01
-4.589733903103151991e-02
1.080958265720520783e-01
6.214068439543982830e-02
-2.104057456493831912e-01
-3.907462528629678244e-01
-2.507538492941526961e-02
-2.239669038319963557e-01
2.223642152619445533e-01
-2.628030187743883306e-01
-4.253679038229498666e-01
-1.146725845463260202e-01
-2.151682203377551506e-01
-3.727116807990742964e-01
-2.260828651611262730e-01
8.202568512480933050e-02
3.149480997931027731e-02
-3.023210947327537035e-01
2.841364412282794127e-01
1.009325398065579193e-01
3.039847980327993193e-01
2.741801740837825907e-01
1.189180273752263178e-01
-3.168545282028862459e-02
-1.465035615770698130e-01
-9.713012431284669124e-02
7.993763723663865027e-04
-6.025558035276372404e-02
2.706347544582543563e-01
-4.175207905647832507e-01
-4.191491446327028636e-01
2.689526348210445270e-02
-5.484810956027285078e-01
9.379543964845227233e-02
-5.009994397926155196e-01
-5.022300319032317883e-01
-1.702350336227470007e-01
-4.292334689921080415e-02
-4.023333380977989204e-01
-1.028632753105706982e-01
-3.280591169721027572e-02
-8.860362461771938494e-03
2.230355608630982811e-01
4.429564460092295097e-01
2.456744580318382665e-01
-2.091049244381666117e-01
-2.831115038520962135e-02
3.679618986791078905e-01
-2.005787707986556312e-01
5.833898820217230385e-01
-1.103861937328155379e-01
4.677069621040759184e-01
9.440197305266670447e-02
2.027825248887035192e-01
5.616136049432093325e-01
-1.432348179713702034e-02
1.762324568789132642e-02
-3.300708937839171297e-01
-1.974044878295824409e-02
5.570361327770786963e-02
-2.617938647606111169e-01
-1.856737759425967360e-01
2.749341194837516822e-01
6.051842505578278741e-01
3.303264113046412986e-01
1.416028555460844551e-01
-2.427075836113047336e-01
3.648171691153455076e-01
2.448104332434003216e-01
4.544551528191567713e-01
1.825616695991696403e-01
2.187108946307512458e-01
-9.984356521953033359e-02
2.012888811627374652e-01
5.890536888579208513e-02
-3.992040474038857645e-01
-4.918292490027883490e-01
2.271240389569695404e-03
-2.878054940533503747e-01
-5.224909691872465789e-01
-1.173597882636985279e-01
1.248061288988158435e-01
8.480785046661412641e-02
-1.794678421778271929e-02
3.595242023503684714e-01
1.521580083232232927e-01
4.332512724417166006e-02
7.661392276783815514e-02
-3.999931284701257334e-03
-1.121695489252439067e-02
-5.448840544557942422e-02
1.539722567026839406e-01
-1.376201865688484738e-01
-1.821953585566452316e-01
-4.142096820739822605e-02
-3.715756250087280388e-01
1.968657637332826560e-01
9.529586733823641742e-02
-3.070053402813016641e-01
4.300424278094773511e-02
-1.664327841550943266e-01
-3.850403135222115608e-02
-1.791763740607011657e-01
1.450369640826677242e-01
1.954793680903814945e-01
1.560093961664022200e-01
1.149486570488244819e-01
1.590183755832084711e-01
-2.330278352051499413e-01
-1.362396531377218882e-02
-2.038899232549619411e-01
2.140937189192978485e-01
1.664247402990523261e-01
3.213505468842927093e-01
2.444787139132107157e-01
1.064874516441668417e-01
5.667618008522411904e-02
-9.882917586447857727e-02
1.062652782997407508e-01
1.720909990359237862e-01
2.737389499851133889e-01
6.145706654656894752e-02
-6.256166064608838229e-02
1.812579066643842940e-01
3.092960442075888272e-01
-6.910073525482132717e-02
9.218406906087775465e-02
-1.161737650783613018e-01
1.430929160265467515e-01
-2.163410575803894897e-01
3.642538952207815539e-01
3.476066969169839815e-01
-2.070977821620581250e-01
-4.061438148774715873e-01
-3.571772190328972169e-03
-7.339789847913769094e-02
1.244417284993952766e-01
2.082904803896070411e-01
4.049802815251246635e-01
1.226486954145332292e-01
-1.035830409577509492e-02
9.697896312804808738e-02
1.842888022160223682e-01
5.264076808747750191e-02
1.035524228385966833e-01
1.591981571145487107e-01
1.018337754701073988e-01
2.770870302955815712e-01
-2.692495592889976308e-01
3.342588305931772363e-01
2.625683936102887195e-01
-4.423579663788654304e-02
4.750423939468929879e-02
5.289945904031935486e-02
5.483312189443972917e-02
-2.166422605384830669e-01
-2.250336717912024276e-01
-3.012914650382592652e-01
-2.454616650618075824e-01
-7.110298622924172973e-02
-1.097848498897330410e-01
3.585747167225747933e-01
3.122586015197277853e-01
2.028310130752239981e-01
4.498336615432729085e-02
-2.303515276795065070e-02
1.980188377689114931e-01
2.567424404562003160e-01
2.330694434245614843e-01
7.450245564415328148e-02
-1.566473667428533445e-01
3.056577714435390614e-01
1.398763476329441535e-01
4.735148920532096239e-01
-3.251661222530728979e-01
8.036457148989412103e-02
3.989978785374233006e-01
2.830358762745983081e-01
-5.240528710491938053e-02
1.302881422655694232e-01
-3.463048516924290277e-01
2.450441595753824475e-01
5.365734891721927191e-01
-4.407274770275950576e-02
-1.042064849382090819e-01
3.940763092082391061e-01
3.060966725871389071e-01
-1.441304792559269451e-02
-1.413143164315157907e-01
-4.440458258901359700e-01
-3.268970910048396017e-01
2.957786976880505958e-01
-3.407523401229466953e-01
-3.176191100663672967e-02
-7.212879408932894032e-01
1.208711817478425217e-02
-1.718170947273659488e-01
-4.638842775384770939e-02
-2.710972559295514450e-02
-3.162621337716723935e-01
-2.158983841125451386e-01
4.337212197474149544e-02
-7.147826118207734059e-02
-7.865286816243526047e-02
2.858796705533336174e-02
2.846996582912125207e-01
2.755457948001409085e-01
-1.815292150281599959e-01
1.681677377519631145e-01
5.632526449958854403e-02
3.551149960592234200e-02
-4.528568383494661065e-01
-2.405234481220991025e-02
1.320653818754543296e-01
-4.865253198986987937e-01
-4.003127403443950127e-01
-1.479316359049117624e-01
-4.474481697597558205e-01
-8.450098600552087558e-02
4.564164010593531051e-01
-2.980004252928597844e-02
1.822650740369413658e-01
5.632257993245865652e-02
1.815332509614694390e-01
4.288662861166265272e-01
-2.073347698295008035e-01
-1.887646413745461271e-02
3.217331729331975865e-01
3.316114704023462312e-02
-2.175541904835850693e-01
-9.171603082140768193e-02
1.498915776716645831e-01
3.381718622501316829e-01
2.087884792364167463e-01
1.276672696082362946e-01
-2.131971693162209303e-01
-2.286393124911939578e-01
-5.032721329943200955e-02
-3.359866176844121810e-01
-4.870531566306191551e-01
-6.025903610120131315e-01
-5.283029457277919061e-01
-4.460607154939161823e-01
4.423585858241628477e-02
-3.807853664782375191e-01
-7.433349925559475102e-02
1.104900913640721322e-01
5.768987466461874408e-02
6.473057519138294968e-02
-3.869304748482985667e-01
1.673937607144350137e-01
2.229482153950761159e-01
3.983326661565385063e-01
2.151410993293977891e-01
3.452878237062337319e-02
1.585202988573528315e-01
3.442772602303291185e-01
-9.458777304262314806e-03
-1.094644294751461744e-01
-2.611113237881734772e-01
-6.443414098440465587e-02
3.677411204107680076e-01
-1.158344331651880721e-01
2.470769570902849044e-01
2.871868310108341982e-01
6.599511537429033625e-01
1.747557869114139614e-02
3.184653210777992904e-01
3.991434685432977414e-01
4.627180006689631808e-01
-3.094147012947262576e-01
-2.716521062804429509e-01
1.278273952630127608e-01
-1.255644941303317441e-01
-1.837815672350727181e-01
-1.997426198002369337e-03
-1.817754591458848046e-01
-5.404432966770080782e-01
-3.204956267323827990e-01
4.413068788305493650e-01
1.920945686009089062e-02
-2.610264243681274521e-01
-1.357336204002822788e-01
-5.606834845147443125e-02
5.799687885394264400e-03
-3.182568700372821469e-01
-2.375781567837805530e-01
-1.771409035533305512e-03
-2.225853244569053202e-01
-1.350391643390957963e-01
-3.864521284883002950e-01
-7.974503789341554072e-02
6.722507008997292977e-02
2.651122491653582977e-02
-1.372013191537312937e-01
3.624670776134646943e-01
2.514973043837256950e-01
1.261314118816355134e-01
1.513595972790662270e-01
1.232974592737484248e-01
4.539584926989623237e-02
2.052072418331653825e-01
-7.288024644025528631e-02
-1.875340147206697172e-01
-2.518243708420654925e-01
-3.719166601765464542e-01
-3.041086478884393318e-01
-1.206255947755364294e-02
-1.300048805942690400e-01
-1.633887778186338680e-01
4.547561128695949417e-01
-1.597788289986775204e-02
-1.722785691590253410e-01
-3.883150553207315864e-02
-1.998483781055122033e-01
-4.568970504214606263e-04
-2.090903532542253140e-01
-6.842551196026865068e-02
-9.223713388315767092e-02
2.011761436970579877e-03
-8.974542326136353276e-02
2.272415377490127897e-01
-6.622314265089551677e-02
-1.447587496322483847e-01
-1.143877801350482448e-01
8.061500631014167917e-02
3.385281728713291916e-01
-1.071811517166404853e-01
-1.476733885043283179e-01
1.210281598980752354e-01
-5.102793478778629155e-02
-1.134084482650425524e-01
-4.827712272068026556e-01
8.947804359578206967e-02
-1.078809246189579574e-01
-4.952536477521198299e-01
-1.821805732723301430e-01
3.299133472117259380e-01
1.973011093346055955e-01
6.054799248253782684e-01
5.833464935808500007e-01
8.046533487553816921e-02
9.343710830164307646e-02
4.072352065229254414e-01
7.113735195682471257e-01
3.005977738962076207e-01
-7.984356669184988764e-02
1.994002557926631836e-01
-1.044705314682108227e-01
3.903789238175885828e-02
3.769636166988964421e-01
-2.263176010886840672e-01
2.054308892882560633e-01
3.385626848571325898e-01
3.400791096066425045e-01
-4.179979413077049566e-01
-1.717667054477507171e-01
2.041322861005905043e-01
-3.358363551607158048e-01
-4.664865681324329577e-02
3.935587798598427223e-01
2.516550217745122664e-01
2.710271791188905710e-01
-1.668599554059598811e-01
3.578713798273378544e-01
3.268762797728065328e-01
2.232040443071360014e-01
3.320303976823325565e-01
3.713626231843455416e-01
-2.298068684186376498e-01
-1.531931992087271488e-01
-2.024095771202968908e-01
-6.642674784734490245e-01
-3.206840384583600767e-01
3.315021212832904851e-01
4.688500203726487375e-02
-9.014738166401255193e-02
-3.992954381883716541e-01
1.492141449542867260e-01
2.021054052882838292e-02
-9.500179189920827938e-02
-2.320734791742465331e-01
-2.047483860130467070e-01
3.816771572702210708e-02
-2.000044306956742513e-01
-2.071581822993289745e-01
3.579920231951995158e-01
-1.037379595091883627e-01
4.955122041349028783e-01
4.925634551337088607e-01
-2.831658794336464613e-01
-7.589637503619700576e-02
4.959812626622488781e-04
-2.869939922919546027e-01
-2.730274089343446287e-01
1.466346795303934136e-01
7.193721341278461190e-02
-1.347395871606898998e-01
-1.884247075045050179e-01
-5.206464213861647372e-02
-1.510406825905654671e-01
5.714910017689048966e-02
-6.069317410066888546e-02
-1.186821474307029889e-01
1.309200706060072439e-01
1.095705603256694610e-01
6.855986893571615337e-02
-7.722553052139494167e-02
-1.746587340199279303e-02
6.121073727085033639e-02
-1.361793442530234537e-02
1.742770429093014883e-01
-1.652266541909223618e-01
5.178105293330083070e-01
1.410794499115498590e-01
2.836052176602487651e-01
2.740591724945357077e-01
2.553624834149241241e-01
-1.655837061489596196e-01
1.013325623978877377e-01
-1.716238517042799616e-01
-3.471493375949267768e-01
-1.529411721336299546e-01
-3.566373976305178828e-02
-3.508738280929446507e-02
-7.600252595542476494e-03
-1.855677324278122708e-01
-6.331681918980738843e-02
-6.555814834888798459e-02
-1.336819903705262769e-01
-1.726745028181382868e-01
-1.146993475720448491e-01
1.239183425037210795e-01
-2.942904737554850603e-01
-4.400127462037883852e-01
1.919853752534392000e-01
2.288298917235282171e-01
-3.993130935216478994e-01
-1.801535587366362434e-01
6.709522329913866767e-02
-8.361650430125182332e-02
2.094590887599392104e-01
3.932085399940641879e-01
4.408966226235064290e-01
-1.691187251404557834e-01
1.596375637863516606e-01
3.625217106532868105e-01
3.773944954899701720e-01
-5.990761089938768935e-02
-2.691541794942645463e-02
6.134580114016730673e-02
2.918653759488157862e-01
3.024479847926503373e-02
-1.334423856773098993e-01
-7.481683334830677157e-02
2.468027325767564173e-01
-7.481691119647236599e-02
-7.991858564745135673e-02
-1.839084127975116473e-02
2.423146215677578763e-01
-5.062683708041452180e-01
7.952888701807468014e-03
2.988478727046302574e-01
8.007803916008797429e-02
3.117847138312501709e-01
3.629981968494631617e-01
3.581948056294423366e-01
4.858022076906619580e-01
-1.383442938162514346e-01
4.599412533214822796e-01
5.015029401283402910e-01
-1.796121339651794366e-02
-3.029394400078477267e-01
3.549724537799330282e-01
1.367637327906172096e-01
-1.289642696144324974e-01
-2.585386862902931682e-02
-4.887371565310050237e-02
-3.189108213133566294e-01
-2.687541637492022462e-01
2.675235865894283194e-01
1.924436584717778842e-01
-3.475927432112294602e-01
-9.084643371571934911e-02
-2.836992806829879976e-01
2.412775734002648720e-01
-5.899000397682079289e-01
-5.488825883536037065e-01
-4.401398863268101043e-03
3.602811085973328664e-02
-5.309522807632657826e-02
-2.586271825884166042e-01
-5.753384413960587612e-02
3.452098844534856603e-01
-2.052758326015920176e-01
-1.794524590162404065e-01
5.043847689166700565e-01
2.593405062563283181e-01
-5.516882362127802086e-02
8.059764169465373496e-02
-2.706390947593420027e-01
-3.617333314661071997e-01
2.277849458575123831e-01
4.571912485478931143e-01
6.009272494604036563e-01
-5.732494680522073026e-03
1.770320704924897848e-01
5.859357528051583469e-02
8.272426879460189827e-03
-3.707256980471002050e-01
-9.277405815067843453e-02
-1.240380966682630599e-02
2.395140989001546400e-02
3.401696071879946048e-01
1.815083811604975839e-01
-1.281727040060088862e-01
-5.154421911346268592e-01
4.764634597189599252e-01
2.717890245102848046e-01
1.092272386756798219e-01
-8.735275040849523054e-02
-1.105880820130939052e-01
1.965307092694072028e-02
-3.973531295948083408e-01
-2.719531623789049890e-01
5.047167406377252030e-01
-2.371252457595574570e-01
-3.268644735596999418e-01
-8.206946550047748701e-02
2.146794162188295774e-01
-7.924288212165822576e-02
-1.118082889670983376e-01
-4.766508732635718615e-02
3.999742292033322544e-01
3.986788900518588585e-01
2.261763969301956723e-01
4.531887327659378105e-04
-3.729998831893297645e-02
-1.328341857172981588e-01
6.401430393140568054e-01
5.746897609431580317e-02
2.370671410745097130e-01
3.882647759410814969e-01
1.304100979293213725e-01
1.432952546193166643e-01
-2.372002823521245085e-01
2.433027098602136562e-01
-2.888618001901553309e-02
-3.288628730440611436e-01
-2.431680309233149873e-01
1.947531901052991787e-01
4.156245349708245218e-01
4.442632445984535661e-01
2.765717754075326940e-01
-1.785361401222613498e-01
4.178572373913109206e-01
3.451946674192222231e-01
4.960158587038548950e-01
1.423521835167509408e-01
-4.157673285837066440e-02
-9.460725753494041157e-02
-1.015694931390810907e-01
3.335320009839540245e-02
6.835110862778392971e-01
-3.803374817053828960e-01
-4.803118741984888779e-02
4.281125133134725536e-01
4.818423905914778205e-01
-3.447034089550073399e-01
-2.229385444569736453e-04
-9.048724340296132596e-02
-1.441807879462089596e-02
6.163276622116212883e-02
5.889650553623858587e-01
7.803314505143328639e-02
-9.740769106717542258e-02
1.717710485597168379e-01
1.123480484702296806e-01
5.855223304557770625e-01
1.044789738717660371e-01
5.900844897445142040e-02
9.568931458976977222e-02
4.063988565143508147e-01
1.307641088432826837e-01
-4.326472379823297354e-01
9.926759798544705637e-02
6.742616126459274883e-02
-4.241817201851696417e-01
-1.280687471241912512e-01
2.967871504960709617e-01
3.714453070601463902e-01
4.095832736131805873e-01
4.592087372290896141e-01
-9.829748086534507989e-02
7.359587964483484124e-02
7.637688277423877736e-02
5.795955786422944955e-01
4.174203614263206075e-01
-2.887982702961707226e-01
6.847163439884525193e-02
-3.969545001518937771e-02
-5.781473607218784450e-02
5.286916045873023551e-01
-5.332952668968281573e-01
-1.839447061307264153e-01
2.986268325191801520e-01
5.096018529104812123e-01
-3.432363562980017546e-01
-9.124005909156129857e-02
1.250374605587841470e-01
-1.223537623238472871e-01
-8.912085380666816270e-02
6.247129042161817525e-01
-1.834279138471086590e-01
-2.189623440849321756e-01
1.898063864366606734e-01
-1.744853679545022018e-01
2.438635913032868030e-01
6.032673412739447683e-01
-4.200089147257811129e-01
-1.259862926585020304e-01
1.204576151843820692e-01
-3.179110513261644844e-01
-3.854777965992143840e-01
-4.166970506026498877e-01
1.262990878205421941e-01
-9.172569424637191937e-03
-3.792688851967518926e-01
-1.793896251354118454e-01
3.377543721542438093e-01
2.865263002406255866e-01
6.193074872486293847e-01
3.160313065671099264e-01
2.004572669000466087e-02
1.754581644353794545e-01
3.629403913071138077e-01
4.914332983815420386e-01
-2.647793431932607966e-01
3.029422949702372247e-01
1.051746277625960763e-01
-8.431255517677484559e-03
2.447674557811797824e-01
3.163381705789672926e-01
1.588505991525107353e-01
3.099595759254082927e-01
3.832840332167882780e-01
1.056318990095089089e-01
-4.781591240569740831e-01
-1.773550067531393382e-01
-9.281492031138439958e-02
-2.477480762462608566e-01
1.158860576056088415e-01
5.862141494951800258e-01
-2.123265695124592900e-01
1.366345450912708759e-01
1.037454980530075899e-01
7.832028521605980190e-03
2.832797829460488304e-01
5.000894365061672175e-01
5.555124639280571708e-02
-7.208599203187110449e-02
-1.144114100228191960e-01
-4.328072987700343210e-02
-1.036465970248910545e-01
-1.283326271559994958e-01
-2.983325198435901604e-01
6.637498764209415203e-02
-7.397469433677317241e-02
-1.276208251653440928e-01
-2.637464035230090431e-01
-6.661664230462527314e-02
-9.587169191037547833e-02
3.123098533599525384e-01
2.858014313381136984e-01
-6.082726483559609820e-02
2.429225322992200342e-01
3.960615588186405800e-02
4.835687826133255873e-01
-1.101366808874058578e-01
4.037602205019188983e-01
3.537620748099064016e-01
7.886625542624562876e-03
2.657815260412959568e-01
9.924100512086780901e-02
7.047103487868969229e-02
4.184703562332789950e-01
3.058318294276552440e-01
9.078978386829936187e-02
-6.045526466760675621e-01
-9.628506765314720495e-02
1.403311900637055076e-01
-3.010294286502245842e-01
1.547916608859707110e-01
4.868083713829729486e-01
-2.648070112694747569e-01
1.069690950183849326e-01
1.705087380337090563e-01
-1.071983054544413810e-01
6.668817340376168024e-02
3.078803055877828987e-01
3.974224587018674454e-02
6.126583697711872611e-01
-1.730481959805887926e-01
-2.310052168777285142e-01
-1.049682947290232204e-01
-1.252226106111836990e-01
-2.813426840567288534e-01
-1.802553758389430216e-01
-4.731777813339516636e-01
-6.700013440796929176e-01
-6.574136402003041835e-02
2.072211360858674245e-01
-1.956833150977965452e-01
5.512396617704697424e-03
3.289829012348212400e-02
2.223672455754925961e-02
-3.115439741326741507e-01
-3.125815606137302138e-01
2.032745814683972752e-01
1.837369978223088729e-01
-2.336384738377551493e-02
7.874506817946112791e-02
5.613362438670638221e-02
-2.778606774286159209e-01
-9.074323435233963694e-04
-1.938989852928175162e-01
5.533329439783355591e-02
-3.841147939798529309e-01
-4.526940692159712176e-01
1.057120501597085399e-01
-1.725616621125339312e-01
1.047693271719108837e-01
5.677457919076562831e-01
-2.663639291023292555e-02
-3.970595954315986331e-02
2.046911022096981059e-01
-3.053457509820973748e-01
-2.251452238000376804e-01
-1.366764691305414892e-01
1.242612099602713599e-01
2.192613281819970339e-01
-2.284219607240802960e-02
9.019018970740864602e-03
6.271058862546097235e-02
1.902377901757199008e-01
-1.971816456160038408e-02
-2.337567047967806788e-01
-1.463668583833670211e-02
-7.930252831766074206e-02
-4.364906665205579572e-01
-3.275952159214126080e-01
-3.608520844510318404e-01
-4.992979426297275980e-01
-3.043932775197055185e-01
2.317912923795695523e-01
-9.056092407659752097e-02
7.148546120799582904e-02
-5.165871289623531759e-02
-1.164141115010509098e-01
-4.187517688673544347e-01
2.331412623183667151e-03
-1.017222245349965783e-02
1.879469801000833162e-01
7.692224814234660535e-02
1.066665068358155916e-01
-1.793626701166972648e-01
1.602079309869281210e-01
8.989313552485450609e-02
-1.544450037568800664e-02
1.672013746171066295e-01
-2.627864474728113242e-01
-3.640232466587604021e-01
6.686380894243648676e-02
-2.963272977404586839e-01
2.147530672157124329e-02
5.720374339275688946e-01
-5.344834108688277692e-03
1.475843950672993676e-01
7.884915265340612656e-02
-3.568034858497914907e-01
2.253541404946956400e-02
-5.423987164432012703e-02
-1.845792218002771101e-01
1.289197831592723553e-01
-1.827805346084215854e-01
3.595017543147080441e-02
-1.022642947338409103e-01
2.113837037481909042e-01
6.070982446553262468e-01
-1.824579935006068465e-01
-3.533094796667937687e-01
-4.867718841071557168e-01
1.488145937270172470e-01
-4.442756105595471738e-01
-6.241120655642308224e-01
-4.649321376407897916e-02
1.830031912145675677e-01
-4.629243986036045144e-01
-2.662072216466042640e-01
-1.670796966169621200e-01
-6.986649416803959733e-02
1.019245330094450952e-01
2.987917456349570289e-01
4.905874295167751975e-01
-3.814010830346427627e-01
3.050091261232732928e-02
3.389531304622735997e-01
3.294040282350119697e-01
1.787466374113212964e-01
-1.608669198748167717e-01
2.636781820698326784e-01
5.208202866937666764e-01
-1.248869897836797360e-01
-5.272791432403895612e-02
-1.487881695904706980e-01
4.357337073551422191e-01
1.782009226990396156e-01
-2.686470364562913993e-01
3.343569574823817003e-01
4.848212814699036088e-01
-5.347871732464047900e-01
4.518793204051840817e-02
1.431335927556414145e-01
7.223660274592348662e-02
-1.473104093353559685e-02
5.840118149860643593e-01
-7.208756583782498506e-01
-4.502981539922110144e-01
2.544362663573885089e-02
1.531002372517476506e-01
1.182540332518234455e-01
2.160833316304332508e-01
8.853729212383910918e-02
1.143264327265597347e-01
3.495252832548451094e-01
2.160410166890403549e-01
2.664136296709504123e-02
-1.136359146606693953e-02
1.679132155305945451e-01
-2.903139128902412214e-01
-5.062241435889128227e-02
-9.110881371326214062e-02
-2.907420141922139600e-01
-3.187096528985877697e-01
-3.595977424066536254e-02
-9.256909425510705114e-02
9.336827437664456386e-02
2.851581537553335433e-01
1.279184887487678224e-01
1.679411329506028117e-02
-1.019922868708872804e-01
2.399512270581567464e-01
1.311538242980594404e-01
2.406324001157978398e-01
3.597739829603240902e-01
1.413648959483018164e-01
2.973284628217079395e-01
4.240077567321512420e-01
-6.151327482103400301e-01
1.207787088456063473e-01
6.201666493136703817e-01
4.272590420994433758e-01
-2.032255946410932157e-01
2.119687311163082899e-01
2.704485382207461042e-01
-1.546265861011993925e-01
1.165868520936523267e-01
4.091012054056444303e-01
6.408994774885244661e-02
1.050491881575095071e-01
1.264527294141638836e-01
-2.618365935659383581e-01
1.034610376020374256e-01
3.570057984385099359e-01
5.212160620517078957e-01
1.598957046097782275e-01
1.893254923898488040e-01
-1.493940310966908880e-01
-1.390510274916422970e-02
2.409367648753087676e-01
2.363830266551379400e-01
8.104091046191394532e-02
2.386036169155811848e-01
-4.464481492909073701e-01
1.052069371815985421e-01
-7.408981528587954557e-02
-3.806004211660118930e-02
-3.824572240418840086e-02
-2.537799135200386955e-02
-1.732628445306680018e-02
-7.086168681306245776e-02
1.122356417090939890e-01
-1.751015069762973941e-01
-2.210676919815196262e-01
1.280387265802521435e-01
-1.539514839469115215e-01
-1.241648747359921923e-01
-1.889257582707800642e-01
3.464459622102090269e-02
4.322720823753517516e-01
9.738486431469758897e-02
3.066397789857187028e-01
2.035226294901812116e-01
4.649002196099683570e-01
-3.053335343170560101e-01
-2.179494425429123056e-02
5.671673365804296152e-01
3.251603691614677327e-01
2.119631012068439180e-01
2.958928149197722068e-01
1.415527066017022995e-01
-2.077045045745522234e-01
-1.029144494076431049e-01
-5.039904144670468572e-02
5.121623663733518850e-01
2.059843006303709312e-01
6.772353498920227755e-02
-1.411431638556665535e-01
3.972718162378600232e-02
2.972971857399234752e-01
1.350922688267756910e-02
1.258848393102277030e-01
3.047889748816838898e-02
-2.549905167339302503e-01
-2.230411493464458106e-01
2.200431267478079045e-01
5.333998095727994215e-01
-2.557383115183887307e-02
-2.914855910358499225e-01
5.566229085333038173e-03
1.117666578470828675e-02
-9.270199383778586488e-02
4.720120149916252200e-02
2.771319503901092940e-02
-6.917810181526923285e-02
3.407773805667054789e-01
1.984319149993414300e-01
-2.319204292358144626e-01
-1.381665351839294065e-01
-1.940612071664957194e-01
-4.021163216738952995e-02
-1.883373300696345454e-01
-3.511042909103017501e-02
-1.898457528364627667e-02
-1.106904143223318426e-01
-2.921624815547691975e-02
-3.178526906923593298e-01
-1.130578818438623678e-01
-3.021451911308619676e-01
-2.651119444730618557e-01
-4.140381697606292377e-01
5.827080911951089126e-01
-4.468065567298287050e-02
-3.624473743392761516e-01
-1.751843264314925375e-01
-6.075605550910831432e-02
-1.234347608959425746e-01
-2.021552944067560482e-03
-8.144523280235047014e-02
5.433131717591181686e-02
-1.968253263476009152e-01
-1.532289010136741736e-01
-5.661426642257981756e-01
-3.214382184455218394e-01
2.578517561013105586e-01
-2.625415840262051298e-02
-3.272659155647492102e-01
-2.396127801044235228e-01
-1.263445370917419541e-01
8.045502511460413120e-02
4.511853727728273866e-01
3.207939005424514933e-01
-1.420321266638693847e-01
-5.210380608757837484e-01
-5.098922725090646590e-01
-4.717865150116774819e-02
-1.216726528062120893e-01
1.889842915340740337e-01
1.702224304306340086e-01
2.998042742318750009e-01
1.244688519949209010e-01
5.468497215196991279e-01
7.364743969224461784e-02
2.590373961880894083e-01
1.212998671630110548e-01
8.541354989194714989e-03
-1.547077128759392628e-01
9.936207194791882302e-02
4.142943079029052789e-01
-3.627152546737223426e-01
1.740482924096158623e-01
-2.245718930226626442e-01
1.953377850232898838e-01
-9.494238821277982410e-02
-4.102007293043021807e-01
1.789761180628627601e-01
-1.916806698693878097e-01
-2.430711571896258527e-01
-6.988891558986891350e-02
-5.505826544545652790e-02
8.210619272799932200e-02
-2.200131866696948893e-02
-1.167509809163252421e-01
-3.421989976039043757e-01
-3.844897407653266597e-01
-2.524172943164077476e-01
-3.170451768407989701e-01
-3.211925159808767111e-02
3.296770768012526887e-01
-1.509015341114881004e-01
-2.018755846061379700e-01
4.021870329122086141e-02
1.374932230501559050e-02
8.810807596407548015e-02
2.540449252583062978e-01
3.121120935266775143e-01
1.952746686170345192e-02
3.325765481536342993e-01
1.872634134180319876e-01
5.623498278506748604e-02
-1.348854810033310592e-01
-1.016983806186370735e-02
-3.131349486156464468e-01
3.260049673726357344e-01
2.433025773751083809e-01
-1.287244956014349517e-01
2.873878714460256223e-01
5.521189138559013526e-02
2.667807787501857986e-01
2.952779362238651673e-01
9.593250716131698774e-02
2.232361384807841354e-01
-3.183365282592141576e-01
2.679651841932857437e-01
3.481435557553577698e-01
1.176077269777616174e-01
-2.430172498737813991e-01
1.585002653915987547e-01
4.640357439024834774e-01
-2.785415649844687480e-01
-2.982716851705474043e-02
2.840436400081129409e-01
4.623058058736000953e-01
3.373026316802139601e-01
3.937465598780274800e-01
9.051451843530838870e-02
3.299303876497624022e-01
3.243318529527073890e-01
5.055131791785787421e-01
-6.857556668689256119e-02
1.569107605721730969e-01
4.316696304068105561e-01
-5.490237703976179329e-02
3.903533099598483803e-03
3.158476022929400662e-01
1.259139638536034556e-01
-1.766165222913774757e-01
-2.186083061955580442e-01
-3.788440140845076437e-02
-2.913754987471290359e-01
3.015238986414533473e-01
2.887470377589588244e-01
3.292772890113663392e-02
-3.419746905327960551e-01
-9.976628917522194218e-02
5.633655919622039543e-02
-1.792240580674016592e-01
1.865871309913994525e-01
2.118195828255474422e-03
1.092849102483506030e-01
9.747639259638160580e-02
-1.642612054252747533e-01
7.846947511458571278e-02
2.361793390754717836e-01
3.661578406412226983e-01
9.008841680435174248e-02
-9.632654156415690339e-02
1.301489269644336144e-01
3.797938417866716931e-02
2.907174044420288705e-01
-2.534838639636096680e-01
-2.214383629484355520e-01
4.587161486508663233e-02
2.939130501720516597e-01
6.468997044204100044e-01
2.821599024296065905e-01
-1.068528642165994663e-01
1.923210983514869396e-02
-3.304973142038758471e-02
2.216286016449876273e-01
-1.917256481522894573e-01
-4.084065301703728584e-02
5.815263768702628316e-02
-2.904957751737181071e-01
-3.261080956783425910e-01
9.919050873759939491e-02
9.745127617562655831e-02
3.587921547220567775e-01
-1.963299146116555816e-01
3.154542457905955000e-01
8.107981669875793940e-02
4.354512210188510313e-02
7.878036860343444470e-02
-3.506082786964038189e-01
-4.643141783810092460e-01
-3.552378685258334445e-01
-8.667125389528031187e-02
-5.624099247119824369e-02
-2.502671103257047558e-01
-4.380353563533239125e-01
-1.245087769323509341e-01
1.387813198514781521e-01
2.052942668440014828e-01
1.778272155058462090e-01
-2.615232856183768995e-01
-1.437108474301798395e-04
9.737013170135030071e-04
-2.443637471060131905e-01
-2.433407310634551624e-01
1.550910092957728248e-01
5.064355173033701085e-01
-1.057571886845511122e-01
-2.986501671525239598e-01
-1.625094087825817990e-01
-2.556037726950498579e-01
5.419601004313621961e-02
4.422819758189233119e-01
8.573463136384597283e-02
-8.090726758326648171e-02
1.514068338283724308e-02
3.263762426406240924e-01
5.588940931370713905e-01
4.208376726570480786e-01
-2.074223973654225617e-01
1.262831263821954653e-01
3.661444651956548002e-01
4.661127051514334374e-01
1.222270520629990670e-01
1.087331315703201490e-01
-3.807541924798413312e-04
2.875582058892131032e-01
3.198603883699040473e-01
-3.993064700035930947e-01
-3.515641026579419126e-02
-4.065404408138948988e-01
-5.007622373420943934e-02
4.012289103963451176e-01
-3.784215384181795483e-01
-1.556045175475412046e-01
-3.669682391253010212e-01
-9.062225063204769684e-03
-3.455966196428348347e-01
3.961804113893530044e-01
1.193992378925974734e-01
-1.576884362740421930e-01
-3.307878612822411357e-01
1.351785177089399707e-02
-1.037324052294563842e-01
-7.720206704163237732e-02
-3.591876826338815526e-02
3.389168655249730211e-02
2.020238681506371647e-01
1.002093975699911432e-01
-4.860309034281323770e-01
-4.531555606798805536e-01
-3.347294667169483096e-01
-2.915497389993506050e-01
1.875122475194622440e-02
-3.093731979623903228e-01
2.388286984001985747e-01
-1.666834784337635211e-01
-4.608446550267121244e-01
4.091682306672417974e-02
3.223761641335747274e-01
-1.157428591084161129e-01
-1.942765233387115653e-01
1.367595030205713269e-01
2.651414965134774593e-01
1.044110253729108456e-01
1.120600809149598226e-01
2.234677657671078066e-01
4.759710224556010782e-01
1.603596833620969386e-01
1.967690337202918915e-01
3.419686565240107751e-02
4.457129041096055677e-02
1.417021857431263743e-01
2.685785743460518127e-01
1.032437654421753392e-01
3.014554270674914965e-02
-1.893084866142550060e-01
-1.765110036886625988e-01
-3.145850241488800519e-02
-1.506990371084915015e-01
-3.941029094741943517e-01
2.319218310241633052e-01
3.388133746344371700e-01
1.682133448949656163e-01
5.602303979026245218e-01
-1.669816777474255887e-01
7.371884550805557490e-02
2.907400410836648574e-01
5.662484764826600792e-01
6.744636643162071898e-02
5.386270177588949742e-02
6.860290556626209846e-02
9.665559693903863492e-02
-5.735105164063456634e-02
3.846497832972533421e-02
-3.058958575303323268e-01
5.023268660713570144e-01
-4.479007285278132078e-01
7.961467490624611620e-02
-1.221234166475556604e-01
-1.741570610495407623e-01
-3.868841462495615224e-01
-3.321465735958006871e-02
-1.466618432648968962e-01
-1.077582009546923375e-01
-3.037036585884189677e-01
2.404202908222782820e-01
-8.891391917231594721e-02
2.059169521521432566e-01
5.786079848372441270e-02
-2.891117096276897835e-01
2.430791850965215717e-01
1.287510148741235205e-01
1.043959480320311717e-01
-2.134506936973177837e-01
1.977011850146256355e-01
1.846026425760967649e-01
-1.695512405712099602e-01
-2.594222881112390189e-02
-1.742217983972080969e-02
4.986630258143979338e-02
1.873292969421338217e-01
1.738625842376387287e-01
4.604256485996903736e-01
-3.268439641581449839e-01
-2.566484642357551305e-02
5.006468803818687335e-02
3.454907501697390693e-01
1.098855559254782316e-01
-8.997444949797428482e-02
4.553966810158488476e-02
1.046487084792263877e-01
9.726801161068984736e-02
-6.147014251299819793e-02
4.110573489347449372e-02
5.647451837123786955e-01
-2.219911406625598993e-01
-8.553091228409011315e-02
-3.498834288815000360e-01
6.969614125646592662e-01
-3.959262336025703294e-02
-3.865807877217873889e-01
1.474855638412313485e-01
1.529282962595276407e-01
-1.351629254539433445e-01
-4.232443127317124243e-01
-3.323131994532351197e-01
-1.682765612267148603e-01
1.994681623333359466e-01
-2.483280006406289320e-01
1.572033280241603437e-01
-4.524269908408853902e-01
-2.758655028951217947e-01
2.919411924784532375e-01
-7.043617008026789583e-02
-5.751246233691329618e-02
3.198345466098195811e-01
1.863993341857993202e-01
3.211331677684834962e-01
-5.298392494805133079e-01
-1.805652781205643528e-02
1.174025807561426965e-01
2.030020071474823440e-01
2.472116503499839635e-02
-1.278200152859313710e-01
3.618004875920045188e-02
-3.548123562597723102e-01
-2.651061857047869522e-02
-7.702651419622706663e-02
3.101984645291233633e-01
-1.113824567920072318e-02
2.579094283576224278e-01
3.162356173401891790e-01
-8.491469071724891404e-02
-7.254845495493534441e-03
9.067491505631623816e-02
2.414286277667458333e-02
-2.898302466125066701e-01
-5.217603460775000618e-02
4.343438950714332836e-01
1.666013477906890528e-01
-3.651064568145232642e-02
-3.667409923615641554e-02
5.779441109096341567e-01
-3.179227237591841781e-01
-1.913332290553003412e-01
-1.187133388921735866e-01
-3.800265894375207121e-02
1.790301331328120540e-02
-3.580778144285650111e-01
-1.827216529332059691e-01
-2.522345709769277522e-01
-1.681586417941726141e-01
-3.424181786394734361e-01
1.221701280101859660e-01
9.560230904481460679e-02
-5.726514804204768661e-02
-3.104590322589957929e-01
-4.425570617951246066e-01
4.277292501471696151e-01
-7.747514456571018282e-02
-3.593998745331756783e-01
4.338617820146900006e-01
5.993284629294720611e-01
-5.296091950427032069e-01
-3.554952356891522697e-02
-1.124661609392318684e-01
-9.377548389004267126e-02
-1.025886271493856548e-02
3.382450627560833478e-01
6.949960913234379256e-02
5.458966033969168269e-02
4.397577549236060535e-02
-2.089824828222309749e-01
-2.945802660780258986e-01
1.432579526759431877e-02
-4.803739169695805389e-01
-1.466440707676503752e-01
-8.973284358656106324e-03
-5.315586377515277988e-02
6.037909097094128208e-02
-1.757175237459298045e-01
3.184584334799644284e-02
-1.317802081749644971e-01
3.972011444331618457e-01
-1.726817212409940128e-01
-1.223697984324695204e-01
2.471002132283176000e-01
-1.737559793905136263e-01
-2.271604410361472426e-01
-5.935334562920191459e-01
4.661127844001443365e-02
3.652397354874245550e-02
-4.794741526825332945e-01
1.274362349241682513e-01
5.144258419028282514e-01
7.058508587700039472e-03
1.832947792543668242e-02
4.974514653270267761e-01
1.168954284861185855e-02
2.833487960614343160e-01
1.825468183960879745e-02
2.067530231263533247e-01
-1.346765076921349613e-01
-3.131634483621459353e-02
2.084299016229664361e-02
4.355052070986098478e-01
-2.780154494311248281e-01
1.744341812002720149e-01
-4.298690264455537957e-04
2.866804060900514650e-01
-6.479749998265181832e-01
-2.476674284718906049e-01
1.917087632344258719e-01
3.888753954905107557e-01
-5.878578878593325452e-02
3.452705009077309262e-01
-6.082037063337975002e-02
-4.581502941007307705e-01
-3.629649562800196794e-01
4.898576831098894191e-02
-2.198433514274917289e-01
-5.239159024038837487e-01
-2.351718986227121500e-01
-6.820824418507413778e-02
1.748720416057026050e-01
-8.218982769180746550e-02
3.343658333427324547e-01
-3.829734983425722716e-01
2.325410532989071744e-01
-2.437442721913608279e-01
1.627831481780999678e-01
2.938979917898621452e-01
-2.028792149020071378e-01
5.263194332649183682e-01
-1.143963580244674177e-01
-2.651790559476104314e-01
1.489661881992626891e-01
-1.474837274419924515e-01
1.025243680201977786e-01
4.006568549864770318e-02
4.670310401155682301e-01
-4.644775755214167884e-02
-4.130452977586321350e-01
3.732725496461760106e-01
2.112417591529231198e-01
-5.284532933580882164e-01
-1.158338370769830122e-01
-1.601475622340026161e-01
4.602414145990200989e-02
-1.550950978516237866e-01
2.467565141554050046e-01
3.591542686134934215e-01
4.165407993959778232e-01
1.820995697287849102e-01
2.774737045036484301e-02
-2.653461493091266998e-01
-6.121737367431581145e-01
2.369760612373653652e-01
2.488175009016759531e-01
6.659977058806253181e-02
-2.367973433488108903e-01
5.646847477304052232e-01
-3.668928421433931969e-02
-2.560113078935683517e-01
-2.943189170351496742e-01
2.648431333982190911e-02
-1.508455519265369249e-01
-2.895450058064170662e-01
-2.084721868492460037e-02
-7.544245958525065687e-02
-4.399435195867051895e-01
-3.429163516703034875e-01
2.724147945856085148e-02
2.125056754781044777e-02
-4.674115286328389685e-02
-1.207104523434398835e-01
3.901394564768213835e-02
1.933938918260959816e-01
1.108707694950319261e-01
1.070051793178021932e-01
2.203754484970087968e-01
3.523754315276986238e-01
2.482447518750799942e-01
-3.339678249887462896e-02
5.514878232400189512e-02
-4.931193391552260996e-01
2.051406706647532913e-02
8.764545141459711974e-02
-2.886829998707272082e-01
-5.490861175779441355e-02
8.551484774572663816e-02
2.934600472309866759e-01
-1.507221130462610692e-01
-3.501377479582769292e-02
-1.329316663095395958e-02
2.501957573001522064e-02
-1.495936153899254661e-01
2.435342379559997938e-01
1.708965443288242014e-01
-1.012064084140470305e-01
-4.138900153326619535e-01
-1.496742699825854561e-01
-3.973493406731951061e-02
1.264767524174848501e-01
2.619415639142615437e-01
-7.676032326392248639e-02
4.738126777533688098e-03
-2.139423160725999751e-01
-1.489865689380737990e-01
8.452389636086692082e-02
-7.215216761132964285e-02
-3.118166792056869530e-01
1.253053917637041992e-01
1.734612971834146589e-01
1.087934433423305147e-01
2.862113196812583402e-02
-1.388060261240800508e-01
2.789440490417985918e-01
-1.225309466687239252e-01
-1.144238509513864493e-01
-1.429912144526221673e-01
2.123057279237880457e-01
1.964916782278512408e-01
-5.371346586922324910e-03
-1.192763094924877317e-03
-2.551839353948709976e-01
-2.949616063182878833e-01
1.141201962793894631e-01
1.687837916355965362e-01
2.739702279878268310e-01
1.535050451688060313e-01
1.911923821792441483e-02
-4.376135311147692497e-01
-2.905321325719626424e-01
6.524193689090083959e-02
3.929331524275150311e-01
1.953027017764162321e-01
4.362882145945636836e-01
4.541945825595771202e-01
4.314577043388377886e-01
6.430495120308875601e-01
3.611692539458425388e-01
7.294624601184278301e-02
-5.842334650732049911e-02
8.867281434484219904e-02
4.069524799362427003e-02
-1.529092822247398453e-01
-4.078355266756936715e-01
-3.836107197461163798e-02
1.412232418845981163e-01
-5.302148066855565806e-02
-1.318627921453254803e-01
2.974614188774034051e-01
3.224297771545754920e-01
-2.007288625073698207e-01
-9.080740877962290014e-02
-3.766687319234136022e-01
2.868905856572435131e-01
-2.349933581093400711e-02
-2.486270090925565279e-01
-5.387097109918303345e-02
4.721671723856837866e-02
1.392490137755299506e-01
3.564977206308497792e-01
-6.917222717473976712e-02
-3.122184798454585297e-01
-2.717727304671476718e-01
4.849144112721573072e-03
8.999521907471866311e-02
7.280874329747105689e-02
1.623865009480296440e-01
2.239202884398027726e-01
-2.051191831384862607e-01
-5.979383168578284585e-03
-3.135053482463079355e-01
-2.105196871529124991e-01
2.252477052446700823e-01
-6.726136006609423346e-02
1.397406022277565552e-01
1.042320092927591646e-01
6.650637336970088853e-02
1.584107953300644134e-01
-2.597551353088289883e-01
-1.448559744405390204e-01
-3.979687093489876065e-02
6.643518444509163845e-02
-2.953575980122110853e-02
1.514696991693853523e-02
-8.467485893407816766e-02
2.645038636785932915e-02
-3.554405932483254427e-01
-5.912645659182171748e-02
3.057962985790901311e-01
2.091975544476333548e-01
4.944653416842332838e-01
-2.248793060203763822e-02
4.066423290516790745e-02
4.914467996775253589e-01
2.556216205420903664e-01
-4.005219214347609524e-01
3.643027039462175543e-01
3.855638117424092792e-01
5.396140387964670770e-01
-4.976429988511874014e-02
7.563293815913206541e-02
-3.972006146643612678e-02
1.401407193869449175e-01
4.928932355750650363e-01
4.883094446024411339e-01
-4.029789677275767007e-02
1.650664248464336625e-01
2.130006394565712446e-01
1.930468804732160537e-01
-5.397113993607478566e-01
-4.372335036068545344e-01
1.942245248832984994e-01
3.685540974218012300e-01
-2.035787676383137568e-01
4.437806798287062815e-01
-2.898882205075878349e-01
-3.579997579999978363e-01
-3.327063161046490691e-01
-7.519923363807583250e-02
4.746604584592631904e-01
-3.682127683037333173e-03
2.128308321067406417e-01
-2.246780402442649927e-01
-6.314175022077656019e-02
7.794067296766036233e-03
-5.654258066229712887e-02
-1.209572756036725455e-01
2.651464358272601074e-01
1.129025254054257937e-01
4.696327119478332923e-01
1.999840908465567724e-01
1.970610728473266848e-01
3.545105100322623604e-01
4.703740910818297039e-01
-3.882369196898473596e-01
-9.464451240262128362e-03
1.924069445024499392e-01
-5.912995085644172366e-02
5.872850578582916592e-03
9.852140101345935319e-02
-2.620583481856860186e-01
1.869557980028776489e-01
-2.278844604064594326e-01
6.537210241565394320e-02
7.247821270548090999e-02
4.244783968923613315e-01
-3.496158787830194181e-01
1.937574026196973442e-01
1.900121786616849329e-01
-3.569375140917218081e-01
-9.079105049149688300e-02
-3.132442678405165659e-01
1.813931156488162999e-01
-4.341346711862960339e-03
2.773265037399013644e-01
3.177411935718031377e-01
-2.372452658071974585e-01
2.358959667689417838e-01
2.973972771437466966e-01
2.151881876863187271e-01
-3.817412455215546396e-01
1.319952280487119711e-01
2.193064275848213840e-01
2.553713343851616857e-01
-1.222813600353287039e-01
-3.457331262351243800e-02
1.526169739227883904e-01
1.247742878415805251e-01
3.326082122207571490e-01
3.357361831539162206e-02
6.113843339952824280e-02
9.335502607978896084e-02
2.882207458146446855e-01
-7.868471465270301946e-02
5.771512875467922632e-02
4.269278095715267618e-01
6.905568651695326299e-02
-3.147362170451182273e-01
6.135031151033362024e-02
2.730505904988067556e-01
2.767661004108927514e-02
4.958702014661342528e-01
2.309032141087174195e-01
-2.940093585218340189e-01
-3.360869324961858751e-01
2.149108147601715840e-02
7.900836902436667031e-02
6.479264053908330434e-02
-4.492394951802806957e-02
4.530493509211800524e-02
-1.550385508539522394e-01
-4.433148382071303018e-02
1.727383447321391707e-01
1.883044753290894213e-01
1.435258543489530692e-01
-6.912169723005506805e-02
1.205227098607409009e-01
-3.253199867701900283e-01
-4.679975810263133917e-01
-1.666202514797780199e-01
-1.752802998824255498e-01
-2.686644160261069669e-01
4.806101995123679416e-02
-3.585124884517559285e-01
5.063616499993088826e-01
-2.642634994273727056e-01
-2.572922993498050204e-01
1.466043934069961030e-01
4.480003267657975963e-01
-1.670780001168568618e-01
-2.581397015956290453e-01
8.027981482041891825e-02
5.661886416659535071e-01
-3.248234015195054503e-01
3.030454108755067932e-02
3.431325635031023946e-02
-1.142274367599304813e-01
5.051675332660884310e-01
1.871284867300911925e-01
3.018240023284838869e-01
-1.735727854394652769e-01
-1.760291218885235431e-01
-3.589418757762381784e-02
-3.098320917416148568e-01
2.246054686069588746e-01
-1.348271982713527828e-01
-1.432955053948385404e-01
-5.068948891460222511e-02
-1.594362060802950454e-01
1.754751028683629865e-01
-9.128417921497877785e-03
-2.032491069791630689e-01
8.554684037118982787e-02
4.055988144437733256e-02
-2.858930930401029635e-01
-2.152266350585428922e-01
-1.395206325876977571e-01
-1.334298681019133181e-01
-2.150078217145563464e-01
4.152818980049765019e-01
2.716937406995130130e-02
-1.153291888569846768e-01
-1.780063663483492098e-01
-2.527792170257166585e-02
3.737947937579058633e-02
6.927423680846257759e-02
-1.574072044794149472e-01
4.423356199495006025e-01
1.512877135148299468e-01
-4.006963733880439804e-01
-1.175145800281159891e-01
1.788798811227542696e-01
-1.782147988032721231e-01
1.110172433933714897e-01
3.957537856845123048e-01
3.934028861037583980e-01
-2.212603679942262425e-01
-4.915885231568264402e-01
1.020783302697830658e-01
1.027528501056409055e-01
3.126482177020638575e-01
-1.317004624583817951e-01
-2.875919373441439275e-02
2.493203699721202315e-01
-2.461749201806211207e-01
-1.577354308809300332e-01
-1.114839838882718953e-01
1.931465717493657253e-01
-2.892733948246083500e-02
-3.259733103945538502e-01
-1.537852138238793021e-01
-3.682869571878356202e-02
-4.934202799592511401e-01
-3.053416316050708637e-02
-1.015617680897599739e-01
1.675169507767881316e-01
-9.411901713789738722e-02
-2.339080573346465353e-01
-7.530011317913995472e-02
5.033822060773361466e-03
2.609283977769764062e-01
5.131333610051074662e-02
2.116119268148831667e-01
-1.453522208790855585e-02
-4.004570313163864914e-01
1.396025236886535292e-01
-3.430015013506460542e-01
1.512739603504958119e-01
8.793523913043012341e-02
2.796330941306284790e-01
-3.729896412207138467e-02
-8.456539314249292283e-02
-4.864958756015960728e-02
3.666724185221880705e-01
1.307212100638426022e-01
-7.968301842646234590e-02
7.917198962246792954e-03
-3.898370140685515350e-01
1.866745527012360906e-01
-2.510569868071274580e-01
-5.927359492379591366e-02
-5.247163482375535176e-02
-2.977756985448937743e-01
5.097656066658668578e-02
-1.060025326026221570e-01
-5.255006538579527070e-02
-5.441122044819312470e-02
9.874915176280159301e-02
3.005767201446312153e-01
-5.292268741560167689e-01
-4.845482900953750338e-01
-2.824390712421225302e-01
-5.059118348242824803e-01
-3.482328589184880419e-01
3.207693361119217101e-01
3.232790890532958872e-01
-9.194688534072867347e-02
-1.557446172433230303e-01
1.148641255458589666e-01
8.781536198035962137e-02
8.266303052842301213e-02
6.823100089563868820e-02
4.271287388447151390e-01
3.522246955081873021e-01
-1.862248306570817302e-01
-2.370681042579257103e-01
-1.327313919589865332e-01
-1.068557569014031428e-01
2.470175229851593879e-01
3.731380029309991570e-04
2.561258088562834989e-01
4.888543952097043621e-01
-1.910386598060506147e-01
-3.033655896552165387e-01
-4.347096482250572547e-01
-1.413768159832563265e-01
3.158974232114499237e-01
-3.182796054847518707e-01
-3.021517671599532884e-02
-3.486264691572669161e-01
-3.910572802501721124e-01
2.502272485728487261e-01
1.939611615147848467e-01
1.483356078747887496e-01
1.552315890171368333e-02
-1.897667206401941128e-02
4.454449252096968903e-02
2.558912093768485330e-02
-1.275925158806711091e-01
-1.822646945109986649e-01
2.268862288998065024e-01
3.059829118746609788e-01
2.743832408054969196e-01
1.052248505180290589e-01
1.002800596849476034e-01
-4.471802881124836704e-02
-5.445361022847843707e-02
1.826979887406050829e-01
-7.577755923440215868e-02
-1.174693128268250800e-02
-3.372011437312566473e-02
2.504111579142878630e-01
2.613457678542667750e-01
-2.905885908056546896e-01
2.108717517212817527e-01
1.650499039916693278e-02
-8.655741307237341253e-03
3.184827323545711547e-02
5.222069884344867630e-01
2.471909287575932146e-01
-2.354046614721824748e-01
-3.363014346091514062e-01
1.080498015365805586e-01
5.618452209784180820e-03
5.170434509436609982e-01
-1.692493040309650532e-01
4.355047143819982258e-01
7.419837942953222409e-02
-2.441077230555435129e-01
1.188199072865228079e-01
-2.769808652772501323e-02
3.508360166020862425e-01
4.583401717849844847e-01
5.376446406987511056e-02
-5.906180149618266151e-02
5.640185357718549009e-01
5.506754463265137733e-01
-1.298645602060437831e-01
1.490094462099407491e-01
-1.275817867347312784e-01
4.927731105357524566e-02
-3.971006145147830679e-01
5.364977564642814389e-02
-2.343282655460387359e-02
1.212108811179635343e-01
5.987518637477498573e-02
-2.394403103171476310e-01
-3.570654940204465722e-01
2.080668140081009532e-01
-6.708726050099607374e-02
-6.575638542375360218e-02
-3.017389775036461996e-01
4.253953098358454477e-01
-1.943963523297919105e-01
4.600279820467434999e-01
-4.627546363777142457e-01
2.926441111794251815e-01
2.502830876881464647e-02
-1.883617133317947168e-01
2.606210435347539045e-01
1.905654926959783613e-01
3.042397229091866606e-01
-2.884475159715252368e-01
-1.106250051169070797e-01
-1.259462350671242126e-01
1.438847528807844500e-01
1.252057885592937347e-01
-2.362404278398533564e-01
3.274873284960594377e-01
1.609320283620306324e-01
-1.422605722660823802e-01
3.002012532713165260e-01
6.602912779367979546e-02
4.311395957639691488e-03
6.380498558729949532e-02
1.653396072273375650e-01
2.465684172012493347e-01
2.049869212374223759e-01
-1.918112739742143871e-02
-4.921864704912284894e-01
-5.387939568275056379e-01
-2.102917962699723808e-01
-4.538501566626064743e-01
1.372822072269728674e-02
-3.625642184788531799e-03
2.896539750809477565e-01
-3.524862555925941665e-01
-2.297795123334038792e-01
4.102232884707309735e-01
-1.276496998196602062e-01
1.602947609324366640e-01
3.214739006222229207e-03
3.903754478760504409e-02
4.812278588919562949e-01
-2.413698888814655719e-01
-4.317805366957789409e-02
1.326283744444760604e-01
3.438151696861902612e-02
3.479890495580237331e-01
1.844254321237451810e-01
-1.921524625748984375e-02
2.631038986575260918e-01
-1.700471810917038029e-01
-3.628450438497628494e-01
-1.709550350330086566e-01
-9.493143743574799717e-03
1.101188177628080189e-01
-2.682024248886893392e-01
-3.854481975410229966e-01
-1.867251219022986186e-01
-4.472799274579958850e-01
-1.062776739841872486e-01
3.352864929821902651e-01
3.195719357054725984e-01
2.870361022591966238e-01
3.287809725567552577e-01
2.340215078502310420e-01
3.141422744639689180e-01
-2.448691718130113423e-02
-1.408509084307642545e-01
2.743682668291564167e-02
1.101430171404124136e-01
3.761995247817916388e-01
-7.758654965930322778e-02
3.588137028105678472e-01
2.127625166137940213e-02
4.653778577963183644e-02
-2.790498095203728934e-01
1.376730944735861384e-02
-5.658663661394604943e-02
1.491343892109848850e-02
-3.001059001007247429e-01
-1.100838643227133179e-01
-2.001961779825983390e-01
1.847927712200294059e-01
-2.100081422499025796e-01
4.658310044714571441e-01
-1.253823014562424343e-01
1.963995380114259837e-01
-1.704240149575541319e-01
-4.199788334592091665e-01
2.966774228973265704e-01
-1.650215905003561412e-01
-3.364523916468021847e-01
-3.171049405227754359e-01
4.467086049063768161e-01
2.016073982531653708e-01
1.508780231247835169e-01
-2.429644073242329949e-01
3.227819513398825224e-01
-1.223721282939199545e-01
-1.015546790413408978e-01
-2.366664486936296066e-02
-1.779004433194808499e-01
-3.253136667523620629e-01
-8.571571069155464739e-02
-2.836409159308238559e-01
-5.271353776014960912e-01
1.171926140294142077e-01
-3.080913428247569197e-01
-9.414113216764834202e-02
2.355994295961478038e-02
-7.351395700435833791e-02
-3.056153008179357533e-01
-2.697142030278776859e-01
-1.226893703822863890e-01
-3.010455935285797496e-02
-2.290455440387537123e-01
-3.345963580409619387e-01
-4.152514593748624083e-02
-2.187713778784780849e-01
-4.399826988634458064e-02
-1.308835795201774566e-01
-1.436273205207048154e-01
2.070424087676587810e-01
4.053980470993767682e-01
-2.954856424750061383e-01
1.342631765588781778e-01
2.585651466616294969e-01
-4.404026622013613723e-01
-1.162146009857782797e-01
4.871607516562334594e-02
1.989461663414882342e-01
-1.311994843497352181e-02
7.607346003601485329e-02
4.267260144579905212e-01
1.758065857317236691e-01
-2.209018241102313207e-01
1.430714722384876791e-01
1.227227344066455783e-01
-2.178825143938103170e-01
5.179038923627496405e-02
-2.808627410276014480e-01
-1.027008698777932966e-01
7.831698213806013997e-02
-3.131912315292079141e-01
-2.077409098235210305e-01
2.667583364233536494e-02
3.174358296554086745e-01
2.989423207665836135e-01
-1.465227004329447691e-01
1.368955614591202685e-01
2.361932578365024682e-01
3.561162344686843451e-01
1.097449519390135825e-01
1.434203696744295806e-02
4.806320670326436929e-03
1.869139222119090560e-01
-2.247845114224469032e-01
9.057588348996054028e-02
2.199413002162214081e-01
2.657218812041345912e-01
3.850117576490399984e-02
1.218043381233963190e-01
-4.417811349644696489e-02
1.424031390111911988e-01
2.855751707731755684e-01
4.320821946167047733e-01
-4.381862802916151600e-01
3.943117871056061596e-01
1.883872240680591059e-01
2.772749817361095381e-01
-1.006099612737266502e-01
1.414291526487174433e-01
-1.652083808992866054e-01
1.505285910099847801e-01
-5.732362290875087085e-02
-2.848565120096610559e-01
3.943808904112644509e-01
-1.231976291683392899e-01
-7.451207192346079311e-02
-4.147988556572704821e-01
1.339152276749829285e-01
3.083666987985760888e-01
9.456865328654784353e-02
-2.926980214593554175e-01
2.801614408726126326e-01
-1.091144884362453549e-01
-7.259758727986335980e-02
-2.858477295747611224e-01
-9.706082633946451488e-02
-3.141297706738436779e-01
1.837154597589538974e-01
-5.494785061599093828e-02
-6.367846985762330714e-02
2.818638257970063621e-01
-3.748264505251163170e-01
2.088629744531234900e-01
5.442778752674662934e-01
8.570952129361758542e-02
4.236670747709438134e-02
-1.934347236660785563e-01
1.212601717393942125e-01
1.627419910785638801e-01
2.342551434660600507e-01
2.251000122792798652e-01
9.230541734181921254e-02
-1.124642381782800793e-01
1.525095361917126746e-01
-4.046233219279011389e-02
-1.090370435374477115e-01
5.125226592268544712e-01
1.502704748864533424e-02
-1.631713257810943063e-01
2.750859924154914204e-01
2.884674924045499966e-01
1.672107956135762408e-01
-6.028603614484722151e-01
2.197045948074915211e-01
-9.210555653185385772e-02
4.844903544784267407e-02
2.112743212131615589e-01
-9.436348253723120250e-02
-2.343812723447339375e-01
-3.119386094830916556e-01
-1.390288384211621486e-01
1.602165124160752352e-01
1.644963408148269468e-01
1.248243519500305404e-01
3.305478560352005934e-01
-2.992958772159425851e-01
-6.573325316395628448e-02
4.114260110129601133e-01
3.068888638396440882e-01
6.375401317794249234e-02
3.485509634846779559e-01
-3.420884772471919910e-01
-1.900409112940377454e-01
-3.378855127857972596e-01
-3.141015595628206952e-02
-2.111619757456521529e-01
-3.784302236138648023e-01
-3.300888853875384443e-01
2.107728561165241044e-01
-1.858293202037679670e-01
2.659169225076729592e-01
2.252913873990496640e-01
7.124745734915529510e-03
-1.146704261626630972e-01
2.449568449680758764e-01
-1.321670402537563627e-01
2.646358455153481892e-01
-2.351715033715634229e-01
4.283859178017947883e-02
3.308984144492110868e-02
-2.565199188889331558e-02
-6.603594758864339553e-02
2.651025029383989318e-01
-1.273558901724987091e-01
5.377218959763542527e-02
2.148764908955697883e-01
2.163698379945252770e-01
-2.094950836287619855e-01
-2.512842917304984325e-01
-2.446921746858574387e-01
3.092429175518835449e-01
-3.206952208261605319e-01
5.192184860007509339e-01
1.626211215831351309e-01
-5.349930033654000106e-01
-1.326462617339486949e-01
2.098622111070054252e-01
4.123598301269939537e-01
-2.212254229861590760e-01
2.616726892087779116e-02
2.006880113817052225e-01
-5.665456678131273321e-02
-1.882962073631623823e-01
3.140174401156952677e-01
4.489531856219615702e-01
2.574026991236823547e-01
3.557859625817178517e-01
-2.982414163124562367e-02
-1.561042506160620624e-01
3.323621134820074069e-02
9.944498098233445216e-02
1.564528891310907471e-02
2.959846509824008987e-01
-1.055543274753262539e-01
-3.759239747978853630e-01
1.635416571867478672e-02
-3.390553869528351583e-01
5.142336536067729780e-01
4.699828908856094195e-02
-2.669624362610211188e-01
-3.169646471416058264e-01
-7.103880942808092624e-02
-9.350960781669304112e-02
-2.053933284762307354e-01
-1.518805709934095971e-01
2.471914361944947333e-02
3.032782691035884604e-02
3.922177118650614913e-01
2.889587321937989520e-02
2.187798295156173911e-01
1.874542955882453621e-01
4.556129564193838188e-01
-3.963271298857836134e-01
5.863245334492932920e-02
-1.722932475150802112e-01
-1.893004344745920497e-01
1.347812397010135499e-01
1.386845085668613753e-01
4.969415120184655366e-01
6.574862926351023040e-02
1.901914628966126786e-01
6.214150907418759112e-02
-3.139473945597229809e-01
-4.699715233257928948e-01
2.440414643216985979e-01
2.792477461920064852e-01
-3.466620069880745891e-01
-3.788152052544700721e-02
-6.912445623880766887e-02
-4.169578496134926926e-01
3.439577505268923835e-02
2.493266818358372550e-01
1.199998114231270036e-01
2.829692616488136969e-01
3.937525258450345622e-01
-9.612371710039817330e-02
-3.388016296742433348e-02
-2.119521493885491437e-02
-1.269130920137356566e-01
-1.201560622293094543e-01
-3.718715312893178943e-02
-1.766340852843618636e-01
-3.319912675407727942e-01
-3.393870227870892653e-01
1.373063452723213840e-01
1.428935289425373178e-01
-6.890274679947591685e-02
-6.155646468623868772e-01
-2.056222809833311779e-02
-2.658605733098904494e-02
-4.980381680410800316e-02
3.880371186979414411e-02
3.562716737464394767e-01
5.299357521753603195e-02
-1.198946518791857430e-02
-1.979997637902342622e-01
4.480099918537960857e-02
1.470982516315769428e-01
-1.495113778186045739e-01
2.553831727404347052e-01
-9.647916460451021192e-02
-2.491599304569885043e-01
1.890077943238045732e-01
1.078425962968962253e-02
-1.898722895129058563e-01
-6.813838897525420490e-02
2.623593602251578782e-01
-7.386897838075966172e-02
-2.884023940680707221e-01
4.246127064357421710e-01
3.537070040884761624e-01
-2.728873957745259760e-01
-6.722206925714793724e-02
5.275757242606147202e-01
-1.190386932431044360e-03
7.614063195787615368e-02
-1.846119734906480070e-01
3.644219611979873652e-02
8.499926706891956785e-02
-2.202322094592537860e-01
-1.370053795584098323e-02
-3.249371026431891463e-01
-8.651599927390826728e-02
9.935714732261370641e-02
1.987019267392862165e-01
-3.605203883439240253e-01
3.753030809337461471e-01
-3.075596283064401804e-01
-3.097650348037336854e-01
3.105646624693109703e-01
2.105224747642576166e-01
1.953205534879851046e-01
1.834703012373354453e-02
-1.884249221879664149e-01
-1.557865428519492404e-02
